"DESCRIPTION","DURATION IN MS","NAME","PARENT SUITE","START TIME","STATUS","STOP TIME","SUB SUITE","SUITE","TEST CLASS","TEST METHOD"
"","291427","test_deploy_charms","tests.integration.mongodb.backups","2026-02-27","passed","2026-02-27","","test_backups_multi","",""
"Tests the integration of cluster components works without error.","354888","test_cluster_active","tests.integration.mongodb","2026-02-27","passed","2026-02-27","","test_sharding","",""
"Test basic functionality of database relation interface.","34343","test_database_relation_with_charm_libraries","tests.integration.mongodb.relations","2026-02-27","passed","2026-02-27","","test_relations","",""
"Tests that we can reuse storage from a different cluster.

    For that, we completely remove the application while keeping the storages,
    and then we deploy a new application with storage reuse and check that the
    storage has been reused.
    ","0","test_storage_re_use_different_cluster","tests.integration.mongodb.ha","2026-02-27","skipped","2026-02-27","","test_ha","",""
"","300962","test_full_cluster_crash","tests.integration.mongodb.ha","2026-02-27","passed","2026-02-27","","test_ha","",""
"Simple backup tests that verifies that writes are correctly restored.","636196","test_backup_restore","tests.integration.mongodb.backups","2026-02-27","passed","2026-02-27","","test_sharded_backups_tls","",""
"Tests that setting an invalid key outputs the correct status.","58844","test_invalid_key","tests.integration.mongodb.tls","2026-02-27","passed","2026-02-27","","test_tls","",""
"Tests that the local config server reports remote shard.","7467","test_local_config_server_reports_remote_shard","tests.integration.mongodb.upgrades","2026-02-27","passed","2026-02-27","","test_revision_checker","",""
"Tests race condition: mongos charm can integrate with TLS and then the config-server.","113285","test_mongos_tls_enabled","tests.integration.mongos","2026-02-27","passed","2026-02-27","","test_tls_race_condition","",""
"Build and deploy one unit of MongoDB.","870236","test_build_and_deploy","tests.integration.mongodb.upgrades","2026-02-27","passed","2026-02-27","","test_sharding_rollback_cluster_components","",""
"Test that an application can request additional databases using the same interface.","33073","test_an_application_can_request_multiple_databases","tests.integration.mongodb.relations","2026-02-27","passed","2026-02-27","","test_relations","",""
"Verify that the config-server can safely rollback without losing writes.","259628","test_rollback_on_config_server","tests.integration.mongodb.upgrades","2026-02-27","passed","2026-02-27","","test_sharding_rollback","",""
"Verify unique clusters do not share DBs.","169745","test_unique_cluster_dbs","tests.integration.mongodb.ha","2026-02-27","passed","2026-02-27","","test_ha","",""
"Build and deploy one unit of MongoDB.","133968","test_build_and_deploy","tests.integration.mongodb","2026-02-27","passed","2026-02-27","","test_charm","",""
"Tests that new mongos units are accessible externally.","218598","test_mongos_external_connections_scale","tests.integration.mongos","2026-02-27","passed","2026-02-27","","test_external_relation_kubernetes","",""
"Tests that upgrade can be ran successfully.","439742","test_failed_upgrade_and_rollback","tests.integration.mongos","2026-02-27","passed","2026-02-27","","test_rollback","",""
"Verify that endpoint still function correctly after a network cut.","79833","test_endpoints_network_cut","tests.integration.mongodb","2026-02-27","passed","2026-02-27","","test_metrics","",""
"Test that mongos can enable TLS after being integrated to cluster .","22541","test_tls_reenabled","tests.integration.mongos","2026-02-27","passed","2026-02-27","","test_tls","",""
"With only certs relation it should also go to blocked.","74900","test_remove_ldap_certs_goes_to_blocked","tests.integration.mongodb.ldap","2026-02-27","passed","2026-02-27","","test_ldap","",""
"Simple backup tests that verifies that writes are correctly restored.","573825","test_restore","tests.integration.mongodb.backups","2026-02-27","passed","2026-02-27","","test_backups_gcs_deprecated","",""
"Verifies connecting a replica to a mongos router fails.","84601","test_replication_mongos_relation","tests.integration.mongodb.relations","2026-02-27","passed","2026-02-27","","test_sharding_relations","",""
"Integrate the second relation, we should end up with everything active.","38901","test_integrate_ldap_cert","tests.integration.mongodb.ldap","2026-02-27","passed","2026-02-27","","test_ldap","",""
"Tests that mongos charm can disable TLS.","324915","test_mongos_tls_ca_mismatch","tests.integration.mongos","2026-02-27","passed","2026-02-27","","test_tls","",""
"Verifies that the upgrade can run successfully.","969397","test_upgrade","tests.integration.mongodb.upgrades","2026-02-27","passed","2026-02-27","","test_upgrade","",""
"Tests that the cluster can be integrated with TLS.","791785","test_tls_then_build_cluster","tests.integration.mongodb.tls","2026-02-27","passed","2026-02-27","","test_sharding_tls_inconsistent_rels","",""
"Sanity check that endpoints are running.","332","test_endpoints","tests.integration.mongodb","2026-02-27","passed","2026-02-27","","test_metrics","",""
"Test shard removal.

    This test also verifies that:
    - Databases that are using this shard as a primary are moved.
    - The balancer is turned back on if turned off.
    - Config server supports removing multiple shards.
    ","819337","test_shard_removal","tests.integration.mongodb","2026-02-27","passed","2026-02-27","","test_sharding","",""
"Only integrate ldap endpoint, should go into blocked state.","37253","test_remove_ldap_goes_to_blocked","tests.integration.mongodb.ldap","2026-02-27","passed","2026-02-27","","test_sharding_ldap","",""
"Tests that the local shard reports remote config-server.","77361","test_local_shard_reports_remote_config_server","tests.integration.mongodb.upgrades","2026-02-27","passed","2026-02-27","","test_revision_checker","",""
"Integrate the config server as well, everything should be green.","61073","test_glauth_fully_integrated","tests.integration.mongos.ldap","2026-02-27","passed","2026-02-27","","test_ldap","",""
"Verifies that using a replica as a shard fails even when TLS is integrated.","319358","test_config_server_tls_replication_relation","tests.integration.mongodb.relations","2026-02-27","passed","2026-02-27","","test_sharding_relations","",""
"Verifies that database units with attached storage correctly repurpose storage.

    It is not enough to verify that Juju attaches the storage. Hence test checks that the mongod
    properly uses the storage that was provided. (ie. doesn't just re-sync everything from
    primary, but instead computes a diff between current storage and primary storage.)
    ","219545","test_storage_re_use_microk8s","tests.integration.mongodb.ha","2026-02-27","passed","2026-02-27","","test_ha","",""
"Simple backup tests that verifies that writes are correctly restored.","230042","test_backup_restore","tests.integration.mongodb.backups","2026-02-27","passed","2026-02-27","","test_backups_tls","",""
"Integrate the cluster and checks that mongos starts.","98390","test_mongos_starts_with_config_server","tests.integration.mongos","2026-02-27","passed","2026-02-27","","test_charm","",""
"Verifies charm goes into active status when s3 config and creds options are correct.","154278","test_ready_correct_conf","tests.integration.mongodb.backups","2026-02-27","passed","2026-02-27","","test_backups_multi","",""
"Tests juju remove-unit functionality.

    This test verifies:
    1. multiple units can be removed while still maintaining a majority (ie remove a minority)
    2. Replica set hosts are properly updated on unit removal
    ","83251","test_scale_down","tests.integration.mongodb","2026-02-27","passed","2026-02-27","","test_charm","",""
"Verify newly added and newly removed members properly replica data.

    Verify newly members have replicated data and newly removed members are gone without data.
    ","359138","test_replication_member_scaling","tests.integration.mongodb.ha","2026-02-27","passed","2026-02-27","","test_ha","",""
"Tests that mongos charm can disable TLS.","129744","test_mongos_tls_disabled","tests.integration.mongos","2026-02-27","passed","2026-02-27","","test_tls","",""
"Simple backup tests that verifies that writes are correctly restored.","529010","test_restore","tests.integration.mongodb.backups","2026-02-27","passed","2026-02-27","","test_backups_s3","",""
"Verifies that the charm goes into blocked status when GCS creds are incorrect.","23386","test_blocked_incorrect_creds","tests.integration.mongodb.backups","2026-02-27","passed","2026-02-27","","test_backups_gcs","",""
"Tests that mongos charm can enable TLS.","164008","test_mongos_tls_enabled","tests.integration.mongos","2026-02-27","passed","2026-02-27","","test_tls","",""
"Build and deploy a sharded cluster.","115144","test_build_and_deploy","tests.integration.mongos","2026-02-27","passed","2026-02-27","","test_charm","",""
"Tests that action get-primary outputs the correct unit with the primary replica.","9451","test_get_primary_action","tests.integration.mongodb","2026-02-27","passed","2026-02-27","","test_charm","",""
"Build and deploy a sharded cluster.","321314","test_build_and_deploy","tests.integration.mongos","2026-02-27","passed","2026-02-27","","test_tls_race_condition","",""
"Tests that TLS is stable on nodeport enablement/removal.","423335","test_mongos_tls_nodeport","tests.integration.mongos","2026-02-27","passed","2026-02-27","","test_tls","",""
"Verify that a config-server and shard can safely rollback without losing writes.","1253494","test_rollback_on_shard_and_config_server","tests.integration.mongodb.upgrades","2026-02-27","passed","2026-02-27","","test_sharding_rollback_cluster_components","",""
"Build and deploy a sharded cluster.","221871","test_build_and_deploy","tests.integration.mongos","2026-02-27","passed","2026-02-27","","test_external_relation_kubernetes","",""
"Integrate only mongos, it should go to a blocked state.

    This is because config server is not integrated with LDAP.
    ","17477","test_glauth_only_integrated_with_mongos","tests.integration.mongos.ldap","2026-02-27","passed","2026-02-27","","test_ldap","",""
"Verify that the pre-refresh check succeeds in the happy path.","50809","test_pre_upgrade_check_success","tests.integration.mongodb.upgrades","2026-02-27","passed","2026-02-27","","test_sharding_upgrades","",""
"Build and deploy one unit of MongoDB and one unit of TLS.","274421","test_build_and_deploy","tests.integration.mongodb.tls","2026-02-27","passed","2026-02-27","","test_tls","",""
"Verifies integrating a shard to s3-integrator fails.","74322","test_shard_s3_relation","tests.integration.mongodb.relations","2026-02-27","passed","2026-02-27","","test_sharding_relations","",""
"Verify removed applications no longer have access to the database.","26252","test_removed_relation_no_longer_has_access","tests.integration.mongos","2026-02-27","passed","2026-02-27","","test_internal_relation_kubernetes","",""
"","616210","test_network_cut","tests.integration.mongodb.ha","2026-02-27","passed","2026-02-27","","test_network_cut","",""
"Tests that sharded cluster can successfully create and list backups.","346153","test_rotate_backup_password","tests.integration.mongodb.backups","2026-02-27","passed","2026-02-27","","test_sharding_backups","",""
"Tests that each cluster component can rotate TLS certs.","606573","test_rotate_tls","tests.integration.mongodb.tls","2026-02-27","passed","2026-02-27","","test_sharding_tls_correct_relations","",""
"Deploys mongos and data integrator, and integrates both.

    Then integrate mongos and sharded cluster.
    ","91826","test_build_and_deploy_mongos","tests.integration.mongos.ldap","2026-02-27","passed","2026-02-27","","test_ldap","",""
"Tests clusters behavior when scaling down a minority and removing a primary replica.","590219","test_scale_down_capabilities_microk8s","tests.integration.mongodb.ha","2026-02-27","passed","2026-02-27","","test_ha","",""
"Verifies charm goes into active status when GCS config and creds options are correct.","93144","test_ready_correct_conf","tests.integration.mongodb.backups","2026-02-27","passed","2026-02-27","","test_backups_gcs","",""
"Verify hosts are up to date after scaling.","214624","test_mongos_can_scale","tests.integration.mongos","2026-02-27","passed","2026-02-27","","test_external_relation","",""
"Build and deploy a sharded cluster.","170832","test_build_and_deploy","tests.integration.mongos","2026-02-27","passed","2026-02-27","","test_external_relation","",""
"With writes in the DB test creating a backup while another one is running.

    Note that before creating the second backup we change the bucket and change the s3 storage
    from AWS to GCP. This test verifies that the first backup in AWS is made, the second backup
    in GCP is made, and that before the second backup is made that pbm correctly resyncs.
    ","859175","test_multi_backup","tests.integration.mongodb.backups","2026-02-27","passed","2026-02-27","","test_backups_multi","",""
"Tests safe removal of a shard that is not primary.","250080","test_removal_of_non_primary_shard","tests.integration.mongodb","2026-02-27","passed","2026-02-27","","test_sharding","",""
"Tests that we can create a backup, and that it is listed in the backups.","21218","test_create_and_list_backups","tests.integration.mongodb.backups","2026-02-27","passed","2026-02-27","","test_backups_gcs","",""
"Refreshes the charm and wait for it to be active again.","483133","test_upgrade","tests.integration.mongos","2026-02-27","passed","2026-02-27","","test_upgrade","",""
"","3508","test_user_can_write","tests.integration.mongodb.ldap","2026-02-27","passed","2026-02-27","","test_sharding_ldap","",""
"","0","test_check_max_tasks","tests.integration.mongodb","2026-02-27","skipped","2026-02-27","","test_charm","",""
"Test password update for a secret not granted to the application.","25829","test_not_granted_secret_for_password_update","tests.integration.mongodb","2026-02-27","passed","2026-02-27","","test_charm","",""
"Test that all clients use nodeport.","981","test_all_clients_use_nodeport","tests.integration.mongos","2026-02-27","passed","2026-02-27","","test_external_relation_kubernetes","",""
"Integrate charm and s3-integrator.","55036","test_s3_integration","tests.integration.mongodb.backups","2026-02-27","passed","2026-02-27","","test_sharded_backups_tls","",""
"Tests that when a client is integrated with mongos, it receives the connection info.","30040","test_integrate_with_internal_client","tests.integration.mongos","2026-02-27","passed","2026-02-27","","test_internal_relation_kubernetes","",""
"Verifies that the charm goes into blocked status when s3 creds are incorrect.","29071","test_blocked_incorrect_creds","tests.integration.mongodb.backups","2026-02-27","passed","2026-02-27","","test_backups_s3","",""
"","193823","test_deploy_charms","tests.integration.mongodb.backups","2026-02-27","passed","2026-02-27","","test_backups_gcs","",""
"","429817","test_rollback","tests.integration.mongodb.upgrades","2026-02-27","passed","2026-02-27","","test_rollback","",""
"Verify that endpoints still function correctly after the monitor user password changes.","23098","test_endpoints_new_password","tests.integration.mongodb","2026-02-27","passed","2026-02-27","","test_metrics","",""
"","136719","test_deploy_charms","tests.integration.mongodb.backups","2026-02-27","passed","2026-02-27","","test_backups_gcs_deprecated","",""
"Tests writing data to mongos gets propagated to shards.","35595","test_sharding","tests.integration.mongodb","2026-02-27","passed","2026-02-27","","test_sharding","",""
"Test that in general, there is no change when password validation fails.","322580","test_no_password_change_on_invalid_password","tests.integration.mongodb","2026-02-27","passed","2026-02-27","","test_charm","",""
"Build and deploy one unit of MongoDB.","863831","test_build_and_deploy","tests.integration.mongodb.ldap","2026-02-27","passed","2026-02-27","","test_sharding_ldap","",""
"Verifies charm goes into active status when s3 config and creds options are correct.","279631","test_ready_correct_conf","tests.integration.mongodb.backups","2026-02-27","passed","2026-02-27","","test_backups_gcs_deprecated","",""
"Test that when charm is missing pbm information that it reports that.","223062","test_blocked_missing_config","tests.integration.mongodb.backups","2026-02-27","passed","2026-02-27","","test_backups_gcs","",""
"Test password is updated for the monitor user.","25046","test_update_password_for_monitor_user","tests.integration.mongodb","2026-02-27","passed","2026-02-27","","test_charm","",""
"","89054","test_mongos_rotate_certs","tests.integration.mongos","2026-02-27","passed","2026-02-27","","test_tls","",""
"","46838","test_freeze_db_process","tests.integration.mongodb.ha","2026-02-27","passed","2026-02-27","","test_ha","",""
"Test that log are being rotated.","1717471","test_log_rotate","tests.integration.mongodb","2026-02-27","passed","2026-02-27","","test_charm","",""
"Build and deploy a sharded cluster.","303945","test_build_and_deploy","tests.integration.mongos","2026-02-27","passed","2026-02-27","","test_rollback","",""
"Tests that there is exactly one primary in the deployed units.","416","test_exactly_one_primary","tests.integration.mongodb","2026-02-27","passed","2026-02-27","","test_charm","",""
"","410","test_consistency_between_workload_and_metadata","tests.integration.mongodb","2026-02-27","passed","2026-02-27","","test_charm","",""
"Test that two different application connect to the database with different credentials.","59001","test_two_applications_doesnt_share_the_same_relation_data","tests.integration.mongodb.relations","2026-02-27","passed","2026-02-27","","test_relations","",""
"Tests that mongos is accessible externally.","27540","test_mongos_external_connections","tests.integration.mongos","2026-02-27","passed","2026-02-27","","test_external_relation_kubernetes","",""
"","172037","test_both_integrated_incompatible","tests.integration.mongodb.backups","2026-02-27","passed","2026-02-27","","test_backups_multi","",""
"Tests that the cluster can disable TLS.","77780","test_disable_cluster_with_tls","tests.integration.mongodb.tls","2026-02-27","passed","2026-02-27","","test_sharding_tls_correct_relations","",""
"Build and deploy one unit of MongoDB.","189863","test_build_and_deploy","tests.integration.mongodb.ha","2026-02-27","passed","2026-02-27","","test_network_cut","",""
"Verify rotating tls private keys restarts mongod with new certificates.

    This test rotates tls private keys to randomly generated keys.
    ","333934","test_rotate_tls_key","tests.integration.mongodb.tls","2026-02-27","passed","2026-02-27","","test_tls","",""
"Verifies that after changing the backup password the pbm tool is updated and functional.","61844","test_update_backup_password","tests.integration.mongodb.backups","2026-02-27","passed","2026-02-27","","test_backups_gcs","",""
"","61100","test_remove_integration","tests.integration.mongodb.backups","2026-02-27","passed","2026-02-27","","test_sharded_backups_tls","",""
"Build and deploy a sharded cluster.","256219","test_build_and_deploy","tests.integration.mongos","2026-02-27","passed","2026-02-27","","test_tls","",""
"Build and deploy one unit of MongoDB.","805408","test_build_and_deploy_mongodb_cluster","tests.integration.mongos.ldap","2026-02-27","passed","2026-02-27","","test_ldap","",""
"Tests that mongodb is running as a replica set for the application unit.","34","test_unit_is_running_as_replica_set[2]","tests.integration.mongodb","2026-02-27","passed","2026-02-27","","test_charm","",""
"Build and deploy one unit of MongoDB.","135719","test_build_and_deploy","tests.integration.mongodb.ha","2026-02-27","passed","2026-02-27","","test_scale_up_down","",""
"","23999","test_teardown","tests.integration.mongodb.ldap","2026-02-27","passed","2026-02-27","","test_sharding_ldap","",""
"Verify mongos is running and can be accessed externally via IP-address.","125892","test_mongos_starts_with_config_server","tests.integration.mongos","2026-02-27","passed","2026-02-27","","test_external_relation","",""
"Verifies charm goes into active status when s3 config and creds options are correct.","77033","test_ready_correct_conf","tests.integration.mongodb.backups","2026-02-27","passed","2026-02-27","","test_backups_s3","",""
"Tests that mongos is accessible externally.","36563","test_mongos_bad_configuration","tests.integration.mongos","2026-02-27","passed","2026-02-27","","test_external_relation_kubernetes","",""
"","1610","test_user_can_write","tests.integration.mongos.ldap","2026-02-27","passed","2026-02-27","","test_ldap","",""
"Verifies that using a replica as a config-server fails.","24780","test_replication_shard_relation","tests.integration.mongodb.relations","2026-02-27","passed","2026-02-27","","test_sharding_relations","",""
"Tests that mongodb is running as a replica set for the application unit.","31","test_unit_is_running_as_replica_set[1]","tests.integration.mongodb","2026-02-27","passed","2026-02-27","","test_charm","",""
"Check that we can create user with extra roles, and that it is accessible.","1561","test_user_with_extra_roles","tests.integration.mongos","2026-02-27","passed","2026-02-27","","test_internal_relation_kubernetes","",""
"Build and deploy one unit of MongoDB.","325916","test_build_and_deploy","tests.integration.mongodb.upgrades","2026-02-27","passed","2026-02-27","","test_upgrade","",""
"Tests that removing a shard application safely drains data.

    It is preferred that users remove-relations instead of removing shard applications. But we do
    support removing shard applications in a safe way.
    ","301455","test_unconventual_shard_removal","tests.integration.mongodb","2026-02-27","passed","2026-02-27","","test_sharding","",""
"Verify that a shard can only be related to one config server.","20097","test_only_one_config_server_relation","tests.integration.mongodb.relations","2026-02-27","passed","2026-02-27","","test_sharding_relations","",""
"","391891","test_restore_new_cluster","tests.integration.mongodb.backups","2026-02-27","passed","2026-02-27","","test_backups_s3","",""
"Build and deploy one unit of MongoDB.","","test_build_and_deploy","tests.integration.mongodb","","unknown","","","test_teardown","",""
"Test superuser actions (ie creating a new user and creating a new database).","2943","test_user_with_extra_roles","tests.integration.mongodb.relations","2026-02-27","passed","2026-02-27","","test_relations","",""
"Scale up and down the application and verify the replica set is healthy.","","test_long_scale_up_scale_down_units","tests.integration.mongodb","","unknown","","","test_teardown","",""
"","7161","test_shards_cannot_run_backup_actions","tests.integration.mongodb.backups","2026-02-27","passed","2026-02-27","","test_sharding_backups","",""
"Build and deploy one unit of MongoDB.","477935","test_build_and_deploy","tests.integration.mongodb.tls","2026-02-27","passed","2026-02-27","","test_sharding_tls_correct_relations","",""
"Test verifies that the monitor user can perform operations such as 'rs.conf()'.","659","test_monitor_user","tests.integration.mongodb","2026-02-27","passed","2026-02-27","","test_charm","",""
"Tests that mongos powers down when no config server is accessible.","221649","test_mongos_can_scale","tests.integration.mongos","2026-02-27","passed","2026-02-27","","test_charm","",""
"Verify each unit has TLS enabled after relating to the TLS application.","223956","test_enable_tls","tests.integration.mongodb.tls","2026-02-27","passed","2026-02-27","","test_tls","",""
"Build and deploy 2 config servers, one shard and one mongos.","210306","test_build_and_deploy","tests.integration.mongodb.relations","2026-02-27","passed","2026-02-27","","test_sharding_relations","",""
"We want to ensure that we can log in using the ldap userToDNMapping.

    So we update the config for both and we log in with the user and check that we can
    still write in the DB.
    ","35385","test_ldap_user_to_dn_mapping","tests.integration.mongodb.ldap","2026-02-27","passed","2026-02-27","","test_ldap","",""
"Only integrate ldap endpoint, should go into blocked state.","12150","test_integrate_ldap_only","tests.integration.mongodb.ldap","2026-02-27","passed","2026-02-27","","test_ldap","",""
"Tests that sharded cluster can be configured for s3 configurations.","269520","test_set_credentials_in_cluster","tests.integration.mongodb.backups","2026-02-27","passed","2026-02-27","","test_sharding_backups","",""
"Verifies that the application and unit are active.","619","test_waits_for_config_server","tests.integration.mongos","2026-02-27","passed","2026-02-27","","test_charm","",""
"Build and deploy a sharded cluster.","402616","test_build_and_deploy","tests.integration.mongos","2026-02-27","passed","2026-02-27","","test_upgrade","",""
"Build and deploy one unit of MongoDB.","291868","test_build_and_deploy","tests.integration.mongodb.upgrades","2026-02-27","passed","2026-02-27","","test_rollback","",""
"Tests clusters behavior when scaling down a minority and removing a primary replica.

    - NOTE: on a provided cluster this calculates the largest set of minority members and removes
    them, the primary is guaranteed to be one of those minority members.

    This test verifies that the behavior of:
    1.  when a leader is deleted that the new leader, on calling leader_elected will reconfigure
    the replicaset.
    2. primary stepping down leads to a replica set with a new primary.
    3. removing a minority of units (2 out of 5) is feasiable.
    4. race conditions due to removing multiple units is handled.
    5. deleting a non-leader unit is properly handled.
    ","0","test_scale_down_capabilities_lxd","tests.integration.mongodb.ha","2026-02-27","skipped","2026-02-27","","test_ha","",""
"Tests that sharded cluster can successfully create and list backups.","20238","test_create_and_list_backups_in_cluster","tests.integration.mongodb.backups","2026-02-27","passed","2026-02-27","","test_sharding_backups","",""
"Verifies that when the cluster is formed a the user is removed.","44391","test_disconnect_from_cluster_removes_user","tests.integration.mongodb.relations","2026-02-27","passed","2026-02-27","","test_mongos","",""
"","270416","test_full_cluster_restart","tests.integration.mongodb.ha","2026-02-27","passed","2026-02-27","","test_ha","",""
"Tests that update config sets the new password in app data and mongod.","22866","test_update_operator_password","tests.integration.mongodb","2026-02-27","passed","2026-02-27","","test_charm","",""
"Verifies that using a replica as a shard fails.","231915","test_replication_config_server_relation","tests.integration.mongodb.relations","2026-02-27","passed","2026-02-27","","test_sharding_relations","",""
"Tests that we can create a backup, and that it is listed in the backups.","15193","test_create_and_list_backups","tests.integration.mongodb.backups","2026-02-27","passed","2026-02-27","","test_backups_s3","",""
"Tests that the user created by mongos can connect with auth.","1974","test_user_can_connect","tests.integration.mongos","2026-02-27","passed","2026-02-27","","test_internal_relation_kubernetes","",""
"Verify that the pre-refresh check fails if there is a problem with one of the shards.","526493","test_pre_upgrade_check_failure","tests.integration.mongodb.upgrades","2026-02-27","passed","2026-02-27","","test_sharding_upgrades","",""
"","1175903","test_tls_inconsistent_rels","tests.integration.mongodb.tls","2026-02-27","passed","2026-02-27","","test_sharding_tls_inconsistent_rels","",""
"Tests juju add-unit functionality.

    Verifies that when a new unit is added to the MongoDB application that it is added to the
    MongoDB replica set configuration.
    ","149550","test_scale_up","tests.integration.mongodb","2026-02-27","passed","2026-02-27","","test_charm","",""
"","44731","test_teardown","tests.integration.mongos.ldap","2026-02-27","passed","2026-02-27","","test_ldap","",""
"Tests that we can create a backup, and that it is listed in the backups.","19171","test_create_and_list_backups","tests.integration.mongodb.backups","2026-02-27","passed","2026-02-27","","test_backups_gcs_deprecated","",""
"Build and deploy a sharded cluster.","994092","test_build_and_deploy","tests.integration.mongodb","2026-02-27","passed","2026-02-27","","test_sharding","",""
"Only integrate ldap endpoint, should go into blocked state.","19085","test_remove_ldap_goes_to_blocked","tests.integration.mongodb.ldap","2026-02-27","passed","2026-02-27","","test_ldap","",""
"Tests juju add-unit functionality.

    Verifies that when a new unit is added to the MongoDB application that it is added to the
    MongoDB replica set configuration.
    ","198615","test_scale_up_capabilities","tests.integration.mongodb.ha","2026-02-27","passed","2026-02-27","","test_ha","",""
"Tests that sharded Charmed MongoDB cluster supports restores.","965996","test_restore_backup","tests.integration.mongodb.backups","2026-02-27","passed","2026-02-27","","test_sharding_backups","",""
"Build and deploy one unit of MongoDB.","180502","test_build_and_deploy","tests.integration.mongodb.backups","2026-02-27","passed","2026-02-27","","test_sharding_backups","",""
"Build and deploy one unit of MongoDB.","148649","test_build_and_deploy","tests.integration.mongodb.upgrades","2026-02-27","broken","2026-02-27","","test_sharding_upgrades","",""
"Build and deploy a sharded cluster.","47706","test_build_and_deploy","tests.integration.mongodb.relations","2026-02-27","passed","2026-02-27","","test_mongos","",""
"Tests that mongos has user by running a check with authentication.","1108","test_mongos_has_user","tests.integration.mongos","2026-02-27","passed","2026-02-27","","test_charm","",""
"Tests that the cluster can be integrated with TLS.","427031","test_built_cluster_with_tls","tests.integration.mongodb.tls","2026-02-27","passed","2026-02-27","","test_sharding_tls_correct_relations","",""
"Test that an application can connect to different clusters of the same database.","36642","test_an_application_can_connect_to_multiple_database_clusters","tests.integration.mongodb.relations","2026-02-27","passed","2026-02-27","","test_relations","",""
"Build and deploy a sharded cluster.","205496","test_build_and_deploy","tests.integration.mongos","2026-02-27","passed","2026-02-27","","test_internal_relation_kubernetes","",""
"","36330","test_restart_db_process","tests.integration.mongodb.ha","2026-02-27","passed","2026-02-27","","test_ha","",""
"Verifies that the application and unit are active.","15516","test_status","tests.integration.mongodb","2026-02-27","passed","2026-02-27","","test_charm","",""
"With writes in the DB test creating a backup.","28306","test_create_backup","tests.integration.mongodb.backups","2026-02-27","passed","2026-02-27","","test_sharded_backups_tls","",""
"Teardown of the whole offers and relations.","26905","test_teardown","tests.integration.mongodb.ldap","2026-02-27","passed","2026-02-27","","test_ldap","",""
"Verifies that when the cluster is formed a new user is created.","149124","test_connect_to_cluster_creates_user","tests.integration.mongodb.relations","2026-02-27","passed","2026-02-27","","test_mongos","",""
"Test that the password can't be set to an empty string.","113298","test_empty_password","tests.integration.mongodb","2026-02-27","passed","2026-02-27","","test_charm","",""
"Test that when charm is missing pbm information that it reports that.","276012","test_blocked_missing_config","tests.integration.mongodb.backups","2026-02-27","passed","2026-02-27","","test_backups_s3","",""
"Build and deploy one unit of MongoDB.","398364","test_build_and_deploy","tests.integration.mongodb.upgrades","2026-02-27","passed","2026-02-27","","test_sharding_rollback","",""
"Tests that the cluster can safely set the operator password.","44050","test_set_operator_password","tests.integration.mongodb","2026-02-27","passed","2026-02-27","","test_sharding","",""
"","256286","test_deploy_charms","tests.integration.mongodb.backups","2026-02-27","passed","2026-02-27","","test_sharded_backups_tls","",""
"Tests that mongos can disable external connections.","59263","test_mongos_disable_external_connections","tests.integration.mongos","2026-02-27","passed","2026-02-27","","test_external_relation_kubernetes","",""
"","53465","test_kill_db_process","tests.integration.mongodb.ha","2026-02-27","passed","2026-02-27","","test_ha","",""
"Test that audit log was created and contains actual audit data.","306","test_audit_log","tests.integration.mongodb","2026-02-27","passed","2026-02-27","","test_charm","",""
"","57265","test_integrate_also_ldap_cert","tests.integration.mongodb.ldap","2026-02-27","passed","2026-02-27","","test_sharding_ldap","",""
"","42339","test_an_application_can_connect_to_multiple_aliased_database_clusters","tests.integration.mongodb.relations","2026-02-27","passed","2026-02-27","","test_relations","",""
"Verifies connecting a shard to a mongos router fails.","7890","test_shard_mongos_relation","tests.integration.mongodb.relations","2026-02-27","passed","2026-02-27","","test_sharding_relations","",""
"Build and deploy 2 config servers, one shard and one mongos.","78502","test_build_and_deploy","tests.integration.mongodb.ha","2026-02-27","passed","2026-02-27","","test_sharding_race_condition","",""
"Verifies that after changing the backup password the pbm tool is updated and functional.","39516","test_update_backup_password","tests.integration.mongodb.backups","2026-02-27","passed","2026-02-27","","test_backups_s3","",""
"Verifies that the preflight check can run successfully.","117875","test_preflight_check_failure","tests.integration.mongodb.upgrades","2026-02-27","passed","2026-02-27","","test_upgrade","",""
"","248023","test_deploy_charms","tests.integration.mongodb.backups","2026-02-27","passed","2026-02-27","","test_backups_tls","",""
"Build and deploy one unit of MongoDB.","130148","test_build_and_deploy","tests.integration.mongodb.ha","2026-02-27","passed","2026-02-27","","test_ha","",""
"Deploy a shard, integrate it but only the config server has TLS.

    Then remove it and it should remove immediately and keep the relation to
    config-server status.
    ","154747","test_invalid_relation_not_yet_established","tests.integration.mongodb.tls","2026-02-27","passed","2026-02-27","","test_sharding_tls_inconsistent_rels","",""
"Simple backup tests that verifies that writes are correctly restored.","606326","test_restore","tests.integration.mongodb.backups","2026-02-27","passed","2026-02-27","","test_backups_gcs","",""
"Build and deploy one unit of MongoDB.","123893","test_build_and_deploy","tests.integration.mongodb","2026-02-27","passed","2026-02-27","","test_metrics","",""
"Integrate charm and s3-integrator.","68912","test_s3_integration","tests.integration.mongodb.backups","2026-02-27","passed","2026-02-27","","test_backups_tls","",""
"Checks that mongos supports scale up and down of config server.","151626","test_mongos_updates_config_db","tests.integration.mongos","2026-02-27","passed","2026-02-27","","test_charm","",""
"Verify that the sharded cluster can be safely upgraded without losing writes.","0","test_upgrade","tests.integration.mongodb.upgrades","2026-02-27","skipped","2026-02-27","","test_sharding_upgrades","",""
"","1405830","test_restore_new_cluster","tests.integration.mongodb.backups","2026-02-27","passed","2026-02-27","","test_backups_gcs","",""
"Verify that sharding components cannot use the DB relation.","30829","test_cannot_use_db_relation","tests.integration.mongodb.relations","2026-02-27","passed","2026-02-27","","test_sharding_relations","",""
"Check consistency, ie write to primary, read data from secondaries.","18150","test_replication_across_members","tests.integration.mongodb.ha","2026-02-27","passed","2026-02-27","","test_ha","",""
"Tests the immediate integration of cluster components works without error.","368060","test_immediate_relate","tests.integration.mongodb.ha","2026-02-27","passed","2026-02-27","","test_sharding_race_condition","",""
"Verifies that the app metadata changes with db relation joined and departed events.","456751","test_app_relation_metadata_change","tests.integration.mongodb.relations","2026-02-27","passed","2026-02-27","","test_relations","",""
"Deploy both charms (application and database) to use in the tests.","124593","test_deploy_charms","tests.integration.mongodb.relations","2026-02-27","passed","2026-02-27","","test_relations","",""
"Checks that the LDAP user can write to the DB.

    This checks both authentication and authorisation.
    ","1366","test_user_can_write","tests.integration.mongodb.ldap","2026-02-27","passed","2026-02-27","","test_ldap","",""
"Only integrate ldap endpoint, should go into blocked state.","11234","test_integrate_ldap_only","tests.integration.mongodb.ldap","2026-02-27","passed","2026-02-27","","test_sharding_ldap","",""
"Verify removed applications no longer have access to the database.","30204","test_removed_relation_no_longer_has_access","tests.integration.mongodb.relations","2026-02-27","passed","2026-02-27","","test_relations","",""
"","83090","test_ldap_user_to_dn_mapping","tests.integration.mongodb.ldap","2026-02-27","passed","2026-02-27","","test_sharding_ldap","",""
"Verifies that the preflight check can run successfully.","27501","test_preflight_check","tests.integration.mongodb.upgrades","2026-02-27","passed","2026-02-27","","test_upgrade","",""
"Check that we can create user with extra roles, and that it is accessible.","1726","test_user_with_extra_roles","tests.integration.mongos","2026-02-27","passed","2026-02-27","","test_charm","",""
"Verifies that database units with attached storage correctly repurpose storage.

    It is not enough to verify that Juju attaches the storage. Hence test checks that the mongod
    properly uses the storage that was provided. (ie. doesn't just re-sync everything from
    primary, but instead computes a diff between current storage and primary storage.)
    ","0","test_storage_re_use_lxd","tests.integration.mongodb.ha","2026-02-27","skipped","2026-02-27","","test_ha","",""
"","132255","test_deploy_charms","tests.integration.mongodb.backups","2026-02-27","passed","2026-02-27","","test_backups_s3","",""
"Deploys the charm with an invalid config.

    Then waits for the status to display, change it to a correct value and
    checks that the service starts afterwards.
    ","","test_build_and_deploy","tests.integration.mongodb","","unknown","","","test_charm_invalid_config","",""
"Scale up and down the application and verify the replica set is healthy.","1454634","test_scale_up_down","tests.integration.mongodb.ha","2026-02-27","passed","2026-02-27","","test_scale_up_down","",""
"Test the data consistency between the primary and secondaries.

    Verifies that after writing data to the primary the data on
    the secondaries match.
    ","38847","test_replication_data_consistency","tests.integration.mongodb","2026-02-27","passed","2026-02-27","","test_charm","",""
"","131678","test_build_and_deploy","tests.integration.mongodb.upgrades","2026-02-27","passed","2026-02-27","","test_revision_checker","",""
"Build and deploy one unit of MongoDB.","553974","test_build_and_deploy","tests.integration.mongodb.ldap","2026-02-27","passed","2026-02-27","","test_ldap","",""
"Tests that mongodb is running as a replica set for the application unit.","33","test_unit_is_running_as_replica_set[0]","tests.integration.mongodb","2026-02-27","passed","2026-02-27","","test_charm","",""
"Verify mongos has user and is able to connect externally via IP-address.","1012","test_mongos_has_user","tests.integration.mongos","2026-02-27","passed","2026-02-27","","test_external_relation","",""
"Verify each unit has TLS disabled after removing relation to the TLS application.","86976","test_disable_tls","tests.integration.mongodb.tls","2026-02-27","passed","2026-02-27","","test_tls","",""
